500
500.1841 0.0551972 -0.0780271
500.2862 -0.227622 0.238265
501.1914 0.0291324 -0.0486795
501.2899 -0.0845371 0.0938011
502.1998 0.0943613 -0.124464
502.2981 -0.0152818 0.0689566
503.2065 0.0386754 -0.0520911
504.2144 0.056138 -0.0840604
505.2206 0.0393337 -0.053031
505.2917 0.175657 -0.0930628
506.3019 0.285148 -0.131592
507.2841 -0.096484 0.424885
508.2924 -0.178874 0.454989
509.2971 -0.152454 0.329651
510.3023 -0.178032 0.209558
511.3158 -0.437741 0.0518598
512.3216 -0.397493 0.117157
517.2988 0.0284309 0.0379031
518.3026 -0.0141365 0.0233056
519.3173 0.00233156 0.00678141
520.3157 0.00253756 0.000449866
521.3196 -0.0269333 -0.0203978
522.3037 0.0612184 -0.020403
524.2898 -0.358432 0.379622
525.2929 -0.271983 0.291729
526.2972 -0.15946 0.16047
527.2801 0.031813 -0.034963
528.3161 -0.240205 0.162925
529.3067 -0.0951785 0.0507058
530.2755 0.0666663 0.0183223
531.3101 -0.00858275 0.0157553
532.3146 0.000774719 -0.00216938
533.2684 0.058862 0.0475161
533.3268 -0.0344297 -0.0323594
534.3301 -0.04865 0.00861422
546.2915 0.0486388 0.0575259
551.275 0.0822136 0.241678
552.2925 0.0211309 0.0645784
553.2943 0.0157298 0.0349419
555.2999 -0.136143 0.0846051
556.3048 -0.102482 0.0583867
557.3145 -0.053166 0.0149789
558.3286 -0.0451577 0.0297693
559.3411 0.0160841 0.0153386
560.3358 0.00200502 -0.00126346
562.2652 0.0542941 -0.00310888
568.2849 -0.0847675 0.0954382
569.2948 -0.0722809 0.091657
570.3151 0.0110542 -0.0032611
571.3223 0.00967053 -0.00142572
572.3622 0.0107039 0.0226802
573.3689 0.015243 0.0068606
574.3517 0.0347871 0.00916592
575.3716 -0.00957129 0.0246248
579.3066 -0.0895386 0.103726
580.3113 -0.118808 0.0916324
581.3065 -0.156949 0.162299
582.3141 -0.0678067 0.0660945
583.3347 -0.275593 0.188856
584.3377 -0.0956685 0.0668805
585.3398 -0.00182041 -0.00485405
586.34 0.0516768 -0.0326636
587.3565 0.0159487 -0.00111221
588.3639 0.0154059 -0.00218118
589.3832 -0.0165147 0.017089
593.282 0.173085 -0.0407688
594.2976 0.0456458 -0.0206041
597.262 0.084449 -0.0177707
597.3154 -0.194672 0.209051
599.3303 -0.294802 0.306305
599.3985 0.0571027 0.023978
600.3352 -0.146326 0.163116
600.4037 0.0325918 -0.0126728
601.3958 0.0604272 -0.0328052
602.296 -0.318689 0.43578
602.3937 -0.010146 0.0277223
603.2996 -0.100172 0.139228
604.3069 -0.0774668 0.100837
607.303 0.0694075 -0.0272974
608.3151 0.0333041 -0.0209848
609.256 0.270139 -0.0510377
609.3182 0.043971 -0.00248976
610.3221 0.0431293 0.00576446
612.3721 0.00841828 -0.00117018
613.3822 -0.0267234 -0.0209771
614.3894 -0.0204292 0.0339061
615.4011 -0.0679727 0.076928
616.1927 0.0462017 -0.0334822
616.4054 -0.0463751 0.0459047
617.412 0.011924 -0.0121984
618.2684 -0.071989 0.160639
619.296 -0.176018 0.27733
620.302 -0.0839252 0.141823
621.3124 -0.20825 0.359363
622.3162 -0.0996956 0.194661
623.2861 0.0448985 -0.0382492
624.2928 0.0281068 -0.0320662
625.2962 0.055209 -0.0233997
626.2996 -0.0715464 0.0270695
626.5026 0.462754 -0.0996344
627.3192 -0.00560106 0.0116936
627.4077 0.0362916 -0.00379956
627.5078 0.329177 -0.0729648
628.3382 0.028559 -0.018877
628.4099 -0.0298852 0.0095833
629.3728 0.0181981 -0.0599427
629.4205 -0.0490341 0.0402584
630.4039 -0.000207686 -0.0121046
631.3918 -0.0133001 -0.0158562
634.3575 -0.0455869 0.0235634
635.2714 -0.275613 0.304893
636.2755 -0.117558 0.135454
637.287 -0.179517 0.365433
638.2905 -0.125448 0.266309
638.4081 -0.00446153 0.0113856
639.2886 -0.0884551 0.17488
639.4275 0.0329314 0.0195215
640.2916 -0.0213287 0.0592868
640.4283 0.0225656 0.00859268
641.2856 0.0269702 0.0123809
641.4288 0.00727396 -0.0135645
642.2991 0.0380022 -0.0157956
642.426 -0.00552548 0.0250396
642.4991 0.118171 -0.0730776
643.3046 0.0263141 0.00345812
643.4377 -0.00353675 0.00791154
643.5054 0.119321 -0.0695686
644.3109 0.0265655 -0.0141622
644.4403 0.0260354 -0.0368135
644.5132 0.824896 -0.164861
645.3094 0.0153936 -0.00867788
645.4608 0.0265382 -0.00824426
645.517 0.562161 -0.126147
646.4648 0.0282872 0.00484876
646.5228 0.312286 -0.0696994
647.4764 0.2436 0.248183
648.3848 -0.0432028 0.0136304
648.4803 0.172695 0.138091
649.4836 0.142349 0.0676094
652.3522 0.0200383 -0.0376403
653.3514 0.0153323 -0.00949753
654.3104 -0.0498657 0.0953898
654.3925 0.0395757 -0.0812109
655.4318 -0.0717366 0.0938041
656.4456 -0.0438988 0.0495527
657.2695 0.0240823 0.00813651
657.4824 -0.00387819 -0.0702638
658.5286 0.723113 -0.130728
659.4776 0.0401423 0.0372334
659.5328 0.787735 -0.170507
660.3821 -0.000871614 0.00373589
660.4811 0.0431244 0.00958771
660.5374 0.405978 -0.0956813
661.4927 0.24844 0.180939
662.4037 0.010197 0.0392874
662.4964 0.229431 0.13913
663.4987 0.140261 0.0985201
668.3467 0.0362121 -0.0641482
669.4517 -0.0229569 0.0358461
670.2833 -0.0940933 0.194914
670.366 0.0285492 0.035177
670.5295 0.834275 -0.160454
671.288 -0.023502 0.0874001
671.3692 0.0280282 0.005028
671.4781 0.0276009 0.0703292
671.5362 0.983308 -0.181948
672.4846 0.151251 -0.00706569
672.5396 0.897226 -0.185113
673.4934 0.221882 0.103132
674.3312 -0.00742221 0.0302773
674.4976 0.25783 0.109361
675.3604 -0.00291329 0.0134427
675.5044 0.214165 0.214404
676.5099 0.131716 0.0793074
677.4222 -0.0221246 0.0320466
677.5135 0.068109 0.0527992
679.4653 0.0519968 0.00853302
680.4619 0.0128167 0.0121359
681.4638 0.0267984 -0.0155002
682.4601 -0.00846617 0.0439981
683.5021 0.0194244 -0.0573187
684.3326 0.0363937 -0.0396827
684.511 0.0444277 -0.136249
685.5094 0.0611676 -0.0697566
686.3473 0.0303627 0.00283733
686.4977 0.0557673 0.00877421
686.5532 0.172274 -0.0757721
687.5095 0.186028 0.0518607
688.4219 -0.00164187 0.024331
688.5125 0.195863 0.0442887
689.5209 0.153443 0.115859
690.5241 0.255392 0.0695442
691.5255 0.170458 0.0264282
693.466 -0.00637046 0.0208731
694.463 -0.0318361 0.0413319
695.4761 -0.303224 0.261514
696.4802 -0.17775 0.167138
697.492 -0.116015 0.157355
698.5224 0.363396 -0.203361
699.5095 0.274188 0.0452359
700.4246 0.0453228 -0.0319024
700.5248 0.3884 -0.236971
701.5273 0.0265011 -0.0769273
702.5364 0.214823 -0.213927
703.5402 0.149671 -0.122541
704.5428 0.161937 -0.0655312
705.5154 0.0689499 -0.0590512
706.4934 0.04413 -0.00175774
707.5049 0.0108462 -0.0249674
708.4966 0.0278925 -0.00269205
709.493 -0.395584 0.426697
710.4978 -0.197252 0.229901
711.5083 -0.107506 0.117641
712.5229 0.0328494 -0.0249819
713.5322 0.0123496 -0.133944
714.5302 0.323602 -0.150568
715.5806 0.792201 -0.137604
716.5477 0.293857 -0.225057
717.5404 0.265348 -0.118571
717.5939 0.708861 -0.151328
718.5506 0.415359 0.222015
719.4789 -0.514956 0.436498
719.5545 0.408714 0.189534
720.4828 -0.386858 0.336896
720.5578 0.205113 0.109695
721.4951 -0.366608 0.342193
721.5554 0.112031 0.0372768
722.517 0.244605 -0.0431088
723.5178 0.027431 0.0109393
724.5284 0.149598 -0.0856526
725.5306 0.0701428 -0.130787
726.4449 0.031536 -0.0271803
726.5554 0.376754 -0.393865
727.5523 0.25876 -0.306238
728.5683 0.065874 -0.307819
729.5715 0.023655 -0.264444
730.5768 -0.0278354 -0.242838
731.5161 0.112713 0.0296933
731.5839 -0.00435176 -0.150386
732.5456 0.0771098 -0.0302242
733.4952 -0.602345 0.478752
734.4995 -0.562041 0.447182
735.5075 -0.386052 0.322482
736.515 -0.0194606 0.0815195
737.5244 -0.0171633 0.0659822
738.5229 0.417915 -0.129746
739.528 0.380456 -0.157905
740.5353 0.348511 -0.149507
740.606 0.000832311 -0.135286
741.5527 0.111532 -0.215076
742.5529 0.100276 -0.0818916
743.4803 -0.0650647 0.0654579
743.5569 0.107582 -0.123265
743.6145 0.114427 -0.116442
744.4506 0.0441069 -0.000555798
744.5675 0.123686 0.143373
745.4968 -0.51908 0.499896
745.5712 0.146296 0.0564243
746.537 0.140185 0.109097
747.5225 -0.101529 0.456852
747.5837 0.225156 0.202674
748.4325 -0.0301534 0.0475794
748.532 -0.241684 0.335405
749.5377 -0.272123 0.228004
750.5555 0.142258 -0.169983
751.5607 0.154025 -0.0904752
752.5671 0.0124963 -0.11969
753.5732 -0.0458504 -0.174916
754.4958 0.0495053 -0.0517105
754.5889 -0.307355 -0.196955
755.5887 -0.25489 -0.155924
756.6039 -0.267418 -0.182212
757.4984 -0.0205689 0.0064766
757.6067 -0.261205 -0.176295
758.5244 0.198335 -0.101843
758.6068 -0.197338 -0.104764
759.5158 -0.0337013 0.141435
759.5833 -0.0367249 -0.0300778
760.5289 0.558404 -0.0960959
761.3535 0.10121 -0.0248025
761.5273 0.453503 0.00134639
762.5221 0.240167 0.238115
763.5266 0.308692 0.250191
764.5351 0.112582 0.14175
765.5421 0.0523521 0.0502887
766.5523 -0.145639 0.231944
767.5573 -0.171557 0.283385
768.5627 -0.182696 0.262789
769.5679 -0.101207 0.106527
770.5234 0.583557 -0.0951497
770.5839 -0.325284 -0.0748916
771.5203 0.202255 0.0762389
771.5889 -0.258888 -0.119665
772.5408 -0.175173 0.227278
772.5992 -0.0615918 -0.160518
773.5529 0.0425435 0.0906293
774.5561 0.411047 0.129905
775.5612 0.378372 0.128201
776.5679 0.121739 0.0707844
777.3237 0.129262 -0.0255354
777.5729 -0.110476 0.0136503
778.587 -0.358802 -0.0973379
779.5895 -0.331434 -0.123668
780.595 -0.382141 -0.0895956
781.5936 -0.19143 -0.0553418
782.5311 0.1039 -0.0907655
782.6224 -0.216348 -0.134655
783.5399 0.109316 -0.0799257
783.6188 -0.187814 -0.1307
784.533 0.182912 -0.0573904
784.6353 -0.234845 -0.14758
785.5363 0.151196 -0.0322151
785.607 -0.161073 -0.0480564
786.5419 0.724237 -0.184395
787.3691 -0.133673 0.158531
787.5463 0.605653 -0.141138
788.545 -0.448779 0.396022
789.3846 -0.100237 0.19192
789.5464 -0.396015 0.488819
790.3899 -0.108866 0.178271
790.553 -0.215052 0.490542
791.3947 -0.0327361 0.0724853
791.5574 -0.189616 0.461277
791.6783 -0.269345 -0.0806764
792.5627 -0.291311 0.565828
793.5683 -0.262878 0.39698
794.5827 -0.481159 0.233015
795.5179 -0.244679 0.192101
795.5883 -0.352836 0.0943579
796.5234 -0.14054 0.0999426
796.5946 -0.250777 0.0263753
797.5402 -0.161422 0.172919
797.6 -0.182058 -0.0361803
797.6647 -0.131443 -0.129914
798.5481 -0.0929162 0.10095
798.6627 -0.197434 -0.104594
799.5477 -0.0313496 0.0258662
799.6666 -0.169808 -0.109371
800.5585 0.0151795 0.00332624
800.6696 -0.142671 -0.0986225
801.562 0.0592297 -0.00478038
801.6777 -0.112113 -0.119726
802.5693 0.0266265 0.0460105
803.3439 -0.151888 0.162683
803.5664 0.0495278 0.0889575
804.5727 -0.097944 0.0907396
805.3589 -0.16045 0.295354
805.561 -0.169071 0.123772
806.3626 -0.0921837 0.164344
806.5607 -0.445884 0.030363
807.3629 -0.0996387 0.159258
807.5568 -0.332653 0.111565
807.673 -0.319961 -0.0844195
808.5403 0.16404 -0.0619497
808.6824 -0.46963 -0.0823802
809.5366 0.126077 -0.104148
809.6866 -0.389746 -0.0981472
810.5381 -0.130286 0.0508381
810.6929 -0.364568 -0.0723428
811.5432 -0.128497 0.0563458
811.6972 -0.279304 -0.0775664
812.548 -0.338681 0.195183
812.679 -0.252901 -0.0710126
813.5505 -0.252853 0.201666
813.6808 -0.2391 -0.0707091
814.5579 -0.520981 0.331153
814.6859 -0.215734 -0.0751317
815.5554 -0.344242 0.347066
815.684 -0.16259 -0.087739
816.5701 -0.549924 0.355342
817.5024 -0.0236009 0.0765223
817.5743 -0.261895 0.241473
818.5799 0.400446 0.0430024
819.5295 0.0378976 0.144826
819.5872 0.394784 0.0146705
820.5341 -0.0273004 0.112124
820.593 0.295482 0.01151
821.5378 -0.173836 0.137659
821.5974 0.0917982 -0.0498071
822.5482 -0.458956 0.1272
822.6128 -0.0371077 -0.0469455
823.5524 -0.264869 0.110635
823.6162 -0.0492508 -0.0496328
823.6676 -0.305686 -0.120321
824.505 0.352269 -0.116606
824.5566 -0.0997018 0.0437627
824.6793 -0.304342 -0.166101
825.5049 0.221012 -0.0698877
825.561 -0.0437591 -0.0142463
825.6832 -0.302278 -0.165061
826.5344 -0.048064 -0.120156
826.6935 -0.282204 -0.0771359
827.5427 -0.118815 0.0119343
827.6971 -0.260078 -0.0776791
828.5558 -0.147501 0.0804093
828.7009 -0.190376 -0.083503
829.5635 0.021507 0.15032
829.704 -0.148202 -0.0856406
830.569 0.029197 0.142985
831.5699 -0.0457613 0.128733
832.5289 0.0978509 0.115899
832.5851 -0.0205931 0.0218208
833.5328 0.0146012 0.141402
834.541 0.130237 0.312267
835.5474 0.196819 0.394486
836.5508 0.107971 0.41424
837.554 -0.15123 0.417663
838.5627 -0.447081 0.205658
839.5707 -0.376529 0.155868
840.5729 -0.389074 0.157845
840.6806 -0.218679 -0.126036
841.5671 -0.0394581 0.180834
841.6823 -0.250406 -0.115221
842.5723 0.0858301 0.129712
842.6862 -0.209207 -0.0746128
843.5107 -0.234147 0.0265265
843.5773 0.0881837 0.137641
844.5199 -0.240865 -0.0145328
844.5892 -0.0468368 0.0873273
845.5227 -0.0672649 0.0807013
845.5939 -0.0609216 0.0637198
846.5283 -0.0064568 0.0548823
846.5964 -0.0107267 0.0170705
847.5491 0.0471464 -0.00895003
848.5515 0.171869 0.0290238
849.5594 0.225228 0.049159
850.5582 0.147236 0.00650103
851.5594 0.122111 0.00240237
852.5634 0.0662583 0.0212692
853.5413 0.0373518 0.0318558
854.514 0.0922361 0.0828575
854.5665 -0.0506118 0.040153
855.5199 0.0605943 0.0775859
855.5804 0.0757517 0.0411768
856.526 0.179677 0.129976
856.5845 0.0807885 0.0526076
857.5387 0.366668 -0.00239321
858.5375 0.318825 0.00373321
858.5964 0.0725081 0.0218727
859.55 0.158271 -0.0421158
860.5587 -0.0176078 0.0255399
861.5369 -0.174438 0.0872372
862.5565 -0.225233 0.192714
862.6224 -0.315174 -0.0810561
863.5587 -0.178651 0.120949
864.5622 -0.0548006 0.0743809
865.5544 0.00592626 0.0858821
866.5674 -0.0396038 0.105016
867.5817 0.129972 0.0297614
868.5918 0.216196 -0.0367476
869.5983 0.0767211 -0.0281125
870.606 0.0888083 -0.0559867
871.5492 -0.0698348 0.0393694
871.6091 0.0674876 0.020321
872.5002 0.200369 0.133927
872.6159 0.00992554 0.00890696
873.5049 0.188584 0.116284
873.6184 0.0349395 -0.0198973
874.5091 0.150027 0.0894611
874.5694 0.0108423 0.00351565
875.5138 0.0435038 0.0185225
875.5723 0.0192139 0.000122915
876.557 0.158443 -0.0429204
876.6375 -0.194456 -0.0248832
877.5614 0.11168 0.0112832
878.561 0.0887199 0.0270632
879.5207 0.178732 0.0631336
879.6169 -0.23155 -0.0431947
880.5282 0.201541 -0.0118001
881.5357 -0.184009 0.179175
882.5522 -0.256004 0.189528
883.553 -0.570735 0.552828
884.5706 -0.294896 0.265107
885.5655 -0.593568 0.697618
886.5711 -0.439235 0.516193
887.5811 -0.372744 0.400615
888.5765 -0.300492 0.261705
888.6407 -0.637193 -0.0847195
889.5684 -0.0279943 0.0842908
889.6447 -0.507274 -0.0704997
890.5792 0.0595051 0.0133608
890.6514 -0.460252 -0.0837657
891.5836 -0.0465593 -0.0222895
891.6568 -0.413302 -0.0838724
892.6032 0.0345031 -0.170663
893.5947 -0.0343573 -0.0541369
894.5452 0.0497287 -0.00889989
894.6247 0.158901 -0.230685
895.4919 0.104541 0.0275512
895.6252 0.113257 -0.196764
896.4982 0.298287 -0.0403647
896.6355 0.0620731 -0.250101
897.5026 0.229058 -0.0506574
897.5696 -0.0284709 0.0208376
897.663 0.492772 -0.239369
898.5062 0.184336 -0.0400631
898.5788 -0.0324106 0.0480981
898.666 0.288493 -0.148806
899.5789 -0.205315 -0.0604492
899.6661 0.227322 -0.154942

//ranges for normalization:
500
500.1841 0 375
500.2862 0 303
501.1914 0 511
501.2899 0 184
502.1998 0 400
502.2981 0 171
503.2065 0 743
504.2144 0 402
505.2206 0 206
505.2917 0 295
506.3019 0 346
507.2841 0 4879
508.2924 0 1710
509.2971 0 605
510.3023 0 226
511.3158 0 656
512.3216 0 495
517.2988 0 268
518.3026 0 276
519.3173 0 197
520.3157 0 203
521.3196 0 123
522.3037 0 199
524.2898 0 849
525.2929 0 393
526.2972 0 161
527.2801 0 243
528.3161 0 268
529.3067 0 140
530.2755 0 166
531.3101 0 177
532.3146 0 98
533.2684 0 246
533.3268 0 189
534.3301 0 190
546.2915 0 214
551.275 0 467
552.2925 0 144
553.2943 0 211
555.2999 0 272
556.3048 0 173
557.3145 0 143
558.3286 0 102
559.3411 0 138
560.3358 0 117
562.2652 0 240
568.2849 0 173
569.2948 0 152
570.3151 0 113
571.3223 0 164
572.3622 0 173
573.3689 0 176
574.3517 0 147
575.3716 0 190
579.3066 0 229
580.3113 0 182
581.3065 0 222
582.3141 0 188
583.3347 0 303
584.3377 0 222
585.3398 0 132
586.34 0 198
587.3565 0 203
588.3639 0 155
589.3832 0 160
593.282 0 239
594.2976 0 155
597.262 0 256
597.3154 0 248
599.3303 0 503
599.3985 0 195
600.3352 0 256
600.4037 0 182
601.3958 0 186
602.296 0 625
602.3937 0 218
603.2996 0 286
604.3069 0 186
607.303 0 232
608.3151 0 181
609.256 0 317
609.3182 0 405
610.3221 0 212
612.3721 0 139
613.3822 0 174
614.3894 0 139
615.4011 0 304
616.1927 0 10391
616.4054 0 152
617.412 0 160
618.2684 0 231
619.296 0 383
620.302 0 237
621.3124 0 655
622.3162 0 318
623.2861 0 390
624.2928 0 113
625.2962 0 446
626.2996 0 237
626.5026 0 347
627.3192 0 174
627.4077 0 132
627.5078 0 324
628.3382 0 105
628.4099 0 169
629.3728 0 175
629.4205 0 222
630.4039 0 160
631.3918 0 190
634.3575 0 134
635.2714 0 363
636.2755 0 221
637.287 0 1129
638.2905 0 417
638.4081 0 99
639.2886 0 281
639.4275 0 213
640.2916 0 162
640.4283 0 150
641.2856 0 240
641.4288 0 156
642.2991 0 96
642.426 0 184
642.4991 0 455
643.3046 0 236
643.4377 0 190
643.5054 0 543
644.3109 0 138
644.4403 0 164
644.5132 0 928
645.3094 0 151
645.4608 0 250
645.517 0 621
646.4648 0 186
646.5228 0 168
647.4764 0 1579
648.3848 0 140
648.4803 0 477
649.4836 0 273
652.3522 0 204
653.3514 0 122
654.3104 0 124
654.3925 0 175
655.4318 0 267
656.4456 0 211
657.2695 0 123
657.4824 0 243
658.5286 0 1274
659.4776 0 278
659.5328 0 758
660.3821 0 92
660.4811 0 120
660.5374 0 231
661.4927 0 1122
662.4037 0 125
662.4964 0 886
663.4987 0 296
668.3467 0 193
669.4517 0 196
670.2833 0 312
670.366 0 291
670.5295 0 1446
671.288 0 202
671.3692 0 192
671.4781 0 436
671.5362 0 1913
672.4846 0 340
672.5396 0 910
673.4934 0 5281
674.3312 0 129
674.4976 0 1454
675.3604 0 126
675.5044 0 1200
676.5099 0 567
677.4222 0 117
677.5135 0 230
679.4653 0 98
680.4619 0 169
681.4638 0 126
682.4601 0 166
683.5021 0 158
684.3326 0 135
684.511 0 189
685.5094 0 355
686.3473 0 138
686.4977 0 137
686.5532 0 238
687.5095 0 3197
688.4219 0 101
688.5125 0 823
689.5209 0 631
690.5241 0 627
691.5255 0 326
693.466 0 161
694.463 0 130
695.4761 0 377
696.4802 0 248
697.492 0 511
698.5224 0 243
699.5095 0 4971
700.4246 0 1074
700.5248 0 3867
701.5273 0 1784
702.5364 0 1526
703.5402 0 354
704.5428 0 270
705.5154 0 167
706.4934 0 214
707.5049 0 211
708.4966 0 86
709.493 0 542
710.4978 0 270
711.5083 0 376
712.5229 0 212
713.5322 0 431
714.5302 0 633
715.5806 0 3355
716.5477 0 2835
717.5404 0 1429
717.5939 0 339
718.5506 0 4786
719.4789 0 485
719.5545 0 2122
720.4828 0 568
720.5578 0 452
721.4951 0 638
721.5554 0 145
722.517 0 1212
723.5178 0 1614
724.5284 0 758
725.5306 0 923
726.4449 0 87
726.5554 0 5262
727.5523 0 1611
728.5683 0 6371
729.5715 0 3223
730.5768 0 1273
731.5161 0 253
731.5839 0 616
732.5456 0 142
733.4952 0 952
734.4995 0 564
735.5075 0 520
736.515 0 490
737.5244 0 1180
738.5229 0 1915
739.528 0 1351
740.5353 0 411
740.606 0 228
741.5527 0 393
742.5529 0 3890
743.4803 0 195
743.5569 0 1087
743.6145 0 805
744.4506 0 144
744.5675 13 7223
745.4968 0 1473
745.5712 0 1909
746.537 0 2558
747.5225 0 5495
747.5837 0 918
748.4325 0 142
748.532 0 1823
749.5377 0 1049
750.5555 0 5972
751.5607 0 2111
752.5671 0 1087
753.5732 0 506
754.4958 0 114
754.5889 0 3045
755.5887 0 1030
756.6039 0 3436
757.4984 0 103
757.6067 0 921
758.5244 0 222
758.6068 0 500
759.5158 0 536
759.5833 0 322
760.5289 0 846
761.3535 0 178
761.5273 0 1478
762.5221 0 4070
763.5266 0 4274
764.5351 0 2083
765.5421 0 2565
766.5523 0 8503
767.5573 0 4922
768.5627 0 1828
769.5679 0 758
770.5234 0 725
770.5839 0 1315
771.5203 0 353
771.5889 0 812
772.5408 0 1223
772.5992 0 1302
773.5529 0 2008
774.5561 0 7833
775.5612 0 10644
776.5679 0 4379
777.3237 0 350
777.5729 0 1021
778.587 0 1754
779.5895 0 1841
780.595 0 793
781.5936 0 559
782.5311 0 245
782.6224 0 1055
783.5399 0 209
783.6188 0 730
784.533 0 165
784.6353 0 735
785.5363 0 162
785.607 0 326
786.5419 0 1252
787.3691 0 164
787.5463 0 793
788.545 0 4069
789.3846 0 265
789.5464 0 1620
790.3899 0 286
790.553 0 14331
791.3947 0 167
791.5574 0 18255
791.6783 0 297
792.5627 0 6264
793.5683 0 2099
794.5827 0 2715
795.5179 0 404
795.5883 0 1685
796.5234 0 321
796.5946 0 406
797.5402 0 395
797.6 0 302
797.6647 0 976
798.5481 0 381
798.6627 0 7736
799.5477 0 326
799.6666 0 2333
800.5585 0 256
800.6696 0 1381
801.562 0 361
801.6777 0 1059
802.5693 0 365
803.3439 0 327
803.5664 0 501
804.5727 0 500
805.3589 0 445
805.561 0 288
806.3626 0 307
806.5607 0 367
807.3629 0 251
807.5568 0 253
807.673 0 310
808.5403 0 405
808.6824 0 2113
809.5366 0 425
809.6866 0 1407
810.5381 0 662
810.6929 0 1323
811.5432 0 651
811.6972 0 721
812.548 0 590
812.679 0 1151
813.5505 0 259
813.6808 0 1190
814.5579 0 343
814.6859 0 314
815.5554 0 350
815.684 0 286
816.5701 0 1013
817.5024 0 129
817.5743 0 885
818.5799 0 1179
819.5295 0 241
819.5872 0 1249
820.5341 0 303
820.593 0 270
821.5378 0 308
821.5974 0 278
822.5482 0 427
822.6128 0 365
823.5524 0 396
823.6162 0 228
823.6676 0 429
824.505 0 376
824.5566 0 342
824.6793 0 3302
825.5049 0 169
825.561 0 306
825.6832 0 1843
826.5344 0 205
826.6935 0 6881
827.5427 0 318
827.6971 0 3733
828.5558 0 177
828.7009 0 1825
829.5635 0 353
829.704 0 646
830.569 0 263
831.5699 0 303
832.5289 0 428
832.5851 0 137
833.5328 0 302
834.541 0 2819
835.5474 0 2579
836.5508 0 2248
837.554 0 949
838.5627 0 2446
839.5707 0 1184
840.5729 0 967
840.6806 0 369
841.5671 0 1113
841.6823 0 263
842.5723 0 664
842.6862 0 227
843.5107 0 140
843.5773 0 615
844.5199 0 358
844.5892 0 268
845.5227 0 281
845.5939 0 168
846.5283 0 222
846.5964 0 138
847.5491 0 147
848.5515 0 365
849.5594 0 217
850.5582 0 376
851.5594 0 218
852.5634 0 270
853.5413 0 278
854.514 0 339
854.5665 0 355
855.5199 0 347
855.5804 0 413
856.526 0 273
856.5845 0 529
857.5387 0 688
858.5375 0 728
858.5964 0 220
859.55 0 437
860.5587 0 210
861.5369 0 286
862.5565 0 217
862.6224 0 260
863.5587 0 332
864.5622 0 250
865.5544 0 448
866.5674 0 269
867.5817 0 640
868.5918 0 1155
869.5983 0 1006
870.606 0 381
871.5492 0 187
871.6091 0 347
872.5002 0 797
872.6159 0 236
873.5049 0 575
873.6184 0 200
874.5091 0 306
874.5694 0 148
875.5138 0 171
875.5723 0 228
876.557 0 167
876.6375 0 164
877.5614 0 390
878.561 0 290
879.5207 0 937
879.6169 0 240
880.5282 0 800
881.5357 0 425
882.5522 0 597
883.553 0 1736
884.5706 0 535
885.5655 0 5786
886.5711 0 1942
887.5811 0 1286
888.5765 0 322
888.6407 0 1196
889.5684 0 385
889.6447 0 779
890.5792 0 591
890.6514 0 1447
891.5836 0 639
891.6568 0 715
892.6032 0 244
893.5947 0 257
894.5452 0 217
894.6247 0 849
895.4919 0 150
895.6252 0 1099
896.4982 0 287
896.6355 0 1056
897.5026 0 185
897.5696 0 141
897.663 0 692
898.5062 0 198
898.5788 0 238
898.666 0 1107
899.5789 0 528
899.6661 0 225
