500
500.1841 0.856836 -0.0586656
500.2862 1.83516 -0.783181
501.1914 0.914827 -0.0970317
501.2899 1.3786 -0.3951
502.1998 0.739053 0.0940361
502.2981 1.20509 -0.214489
503.2065 0.888813 -0.0245034
504.2144 0.867135 0.0309011
505.2206 0.916869 -0.00151079
505.2917 0.227739 0.37258
506.3019 0.0196191 0.620987
507.2841 1.39634 -0.400468
508.2924 1.58173 -0.567934
509.2971 1.47151 -0.458384
510.3023 1.48963 -0.463262
511.3158 1.3782 -0.822886
512.3216 1.51978 -0.785148
517.2988 0.927594 0.0714333
518.3026 1.03306 -0.00704894
519.3173 0.948085 0.0557887
520.3157 0.972661 0.0614366
521.3196 0.969059 0.0323931
522.3037 0.88755 0.205775
524.2898 2.11248 -0.807664
525.2929 1.86505 -0.585252
526.2972 1.51279 -0.283857
527.2801 0.971846 0.194004
528.3161 1.69733 -0.433261
529.3067 1.25923 -0.0682587
530.2755 0.878857 0.29204
531.3101 0.997342 0.156942
532.3146 0.952762 0.197667
533.2684 0.849378 0.3172
533.3268 0.841107 0.192063
534.3301 0.998567 0.140037
546.2915 0.930213 0.311974
551.275 1.1162 0.291487
552.2925 0.984736 0.282376
553.2943 0.971393 0.293818
555.2999 1.23949 -0.0126146
556.3048 1.17975 0.0721751
557.3145 1.03463 0.203302
558.3286 1.07219 0.216142
559.3411 0.93484 0.358271
560.3358 0.933491 0.352373
562.2652 0.853865 0.466151
568.2849 1.1858 0.159058
569.2948 1.16717 0.196608
570.3151 0.900705 0.41564
571.3223 0.901958 0.423891
572.3622 0.902517 0.432482
573.3689 0.852592 0.464758
574.3517 0.880343 0.49931
575.3716 0.882202 0.434236
579.3066 1.09704 0.251436
580.3113 1.13537 0.20656
581.3065 1.37154 0.0932912
582.3141 1.09859 0.322379
583.3347 1.52997 -0.121046
584.3377 1.12701 0.291491
585.3398 0.870466 0.524103
586.34 0.669063 0.669261
587.3565 0.7607 0.589842
588.3639 0.769229 0.597737
589.3832 0.862532 0.534686
593.282 0.384354 0.962342
594.2976 0.685347 0.697074
597.262 0.534021 0.798709
597.3154 1.43032 0.117487
599.3303 1.85378 -0.141569
599.3985 0.693301 0.73489
600.3352 1.35743 0.24749
600.4037 0.647863 0.72731
601.3958 0.556252 0.806409
602.296 1.89167 -0.176499
602.3937 0.758133 0.650792
603.2996 1.10026 0.417999
604.3069 1.03374 0.484224
607.303 0.460339 0.877989
608.3151 0.591516 0.798919
609.256 -0.0148726 1.32031
609.3182 0.540071 0.837244
610.3221 0.566743 0.834224
612.3721 0.648173 0.766112
613.3822 0.538295 0.739039
614.3894 0.680178 0.716135
615.4011 0.69624 0.634544
616.1927 0.622535 0.865644
616.4054 0.676476 0.691088
617.412 0.532414 0.834539
618.2684 0.92002 0.58591
619.296 1.26276 0.329044
620.302 0.933687 0.578993
621.3124 1.43978 0.232491
622.3162 1.01848 0.536235
623.2861 0.307112 0.971681
624.2928 0.374938 0.932219
625.2962 0.274601 1.00111
626.2996 0.51693 0.737129
626.5026 -0.479833 1.84835
627.3192 0.467204 0.867087
627.4077 0.393412 0.95769
627.5078 -0.224502 1.58206
628.3382 0.404175 0.954009
628.4099 0.490979 0.840486
629.3728 0.170593 0.998277
629.4205 0.570139 0.791542
630.4039 0.409219 0.915452
631.3918 0.319268 0.916888
634.3575 0.451632 0.83008
635.2714 1.19894 0.241998
636.2755 0.724057 0.637259
637.287 1.07158 0.421953
638.2905 0.851827 0.577925
638.4081 0.365425 0.929151
639.2886 0.687938 0.689211
639.4275 0.248478 1.01305
640.2916 0.433977 0.881067
640.4283 0.268748 0.99862
641.2856 0.196506 1.02138
641.4288 0.177582 1.00041
642.2991 0.145112 1.05758
642.426 0.228896 0.961241
642.4991 0.148469 1.20514
643.3046 0.125901 1.03904
643.4377 0.171252 0.979863
643.5054 0.101383 1.21565
644.3109 0.0765211 1.0538
644.4403 -0.00533026 1.07369
644.5132 -1.45578 2.69824
645.3094 0.104036 1.02606
645.4608 -0.0807859 1.08403
645.517 -1.04064 2.1781
646.4648 -0.0218257 1.06643
646.5228 -0.557137 1.65538
647.4764 -0.00984381 1.36112
648.3848 0.118647 0.915348
648.4803 -0.0631739 1.27928
649.4836 -0.126463 1.25578
652.3522 -0.161571 1.0802
653.3514 -0.0371553 1.04023
654.3104 0.22123 0.855255
654.3925 -0.300939 1.14238
655.4318 0.162069 0.828688
656.4456 0.042903 0.903731
657.2695 -0.0751495 1.04505
657.4824 -0.300457 1.05245
658.5286 -1.58613 2.51016
659.4776 -0.165607 1.07343
659.5328 -1.7915 2.66439
660.3821 -0.0972044 0.989676
660.4811 -0.20322 1.07894
660.5374 -1.02625 1.8582
661.4927 -0.323023 1.39744
662.4037 -0.00403293 0.96604
662.4964 -0.381231 1.38059
663.4987 -0.301993 1.21649
668.3467 -0.465406 1.10841
669.4517 -0.11518 0.915022
670.2833 0.195262 0.69282
670.366 -0.224724 1.01381
670.5295 -1.9922 2.72235
671.288 -0.0935379 0.875303
671.3692 -0.334089 1.01882
671.4781 -0.104716 0.964481
671.5362 -2.355 3.01824
672.4846 -0.581678 1.25927
672.5396 -2.16115 2.83312
673.4934 -0.909238 1.40606
674.3312 -0.279066 0.907446
674.4976 -0.937392 1.45523
675.3604 -0.367293 0.922988
675.5044 -0.675323 1.28653
676.5099 -0.639697 1.17145
677.4222 -0.285457 0.850354
677.5135 -0.501909 1.02716
679.4653 -0.510316 1.00579
680.4619 -0.437532 0.918371
681.4638 -0.532443 0.96097
682.4601 -0.39958 0.855334
683.5021 -0.726111 0.974793
684.3326 -0.64419 0.979056
684.511 -1.00254 1.07362
685.5094 -0.616595 1.00903
686.3473 -0.55366 0.920021
686.4977 -0.514424 0.94569
686.5532 -0.867019 1.21019
687.5095 -1.17451 1.26157
688.4219 -0.512563 0.814239
688.5125 -1.18339 1.26243
689.5209 -0.85541 1.09928
690.5241 -1.02638 1.30752
691.5255 -0.881063 1.13258
693.466 -0.529432 0.765557
694.463 -0.521931 0.708075
695.4761 0.333809 0.0341038
696.4802 -0.0607521 0.328188
697.492 0.0113443 0.412279
698.5224 -1.76882 1.61932
699.5095 -1.48504 1.35139
700.4246 -0.68483 0.822614
700.5248 -2.49857 1.77361
701.5273 -1.63306 0.960905
702.5364 -2.13312 1.38879
703.5402 -1.57088 1.14178
704.5428 -1.34217 1.097
705.5154 -0.955648 0.858923
706.4934 -0.828125 0.767852
707.5049 -0.905911 0.717708
708.4966 -0.806831 0.714194
709.493 0.820273 -0.408357
710.4978 0.0651712 0.0975895
711.5083 -0.314147 0.336262
712.5229 -0.882242 0.701435
713.5322 -1.30803 0.768048
714.5302 -1.73708 1.35646
715.5806 -2.47705 2.2305
716.5477 -2.17025 1.38896
717.5404 -1.92202 1.24889
717.5939 -2.36436 2.05741
718.5506 -1.31893 1.26951
719.4789 0.50636 -0.672622
719.5545 -1.35711 1.25647
720.4828 0.202189 -0.405224
720.5578 -1.0995 0.863209
721.4951 0.384239 -0.428887
721.5554 -1.02154 0.683637
722.517 -1.14097 0.932535
723.5178 -0.779434 0.481886
724.5284 -1.23845 0.780548
725.5306 -1.35726 0.677108
726.4449 -0.995982 0.50376
726.5554 -3.00177 1.52974
727.5523 -2.60515 1.22352
728.5683 -2.29472 0.834311
729.5715 -2.07115 0.698144
730.5768 -1.91569 0.563895
731.5161 -1.17836 0.586249
731.5839 -1.54182 0.486572
732.5456 -1.20774 0.522122
733.4952 0.572553 -1.0766
734.4995 0.433678 -0.985747
735.5075 0.133251 -0.622786
736.515 -0.844383 0.216571
737.5244 -0.697834 0.181299
738.5229 -1.93985 1.17429
739.528 -1.9318 1.10827
740.5353 -1.93708 1.04146
740.606 -1.24945 0.31111
741.5527 -1.81979 0.617077
742.5529 -1.7744 0.538256
743.4803 -0.755278 0.0216539
743.5569 -1.87711 0.55711
743.6145 -1.49864 0.470482
744.4506 -1.17068 0.259126
744.5675 -1.8103 0.448908
745.4968 0.472956 -1.13094
745.5712 -1.96564 0.524011
746.537 -1.26606 0.371418
747.5225 -0.330951 -0.314748
747.5837 -1.3851 0.465156
748.4325 -0.832192 -0.0280032
748.532 -0.536614 -0.522643
749.5377 -0.519844 -0.561769
750.5555 -2.021 0.49471
751.5607 -1.81908 0.43547
752.5671 -1.73943 0.181819
753.5732 -1.72794 0.0880424
754.4958 -1.16783 0.103835
754.5889 -1.49362 -0.409972
755.5887 -1.38053 -0.366373
756.6039 -1.43269 -0.383754
757.4984 -0.945235 -0.119867
757.6067 -1.40348 -0.405068
758.5244 -1.53943 0.361984
758.6068 -1.21293 -0.375642
759.5158 -0.794292 -0.250072
759.5833 -1.18928 -0.151914
760.5289 -2.3115 1.04692
761.3535 -1.22489 0.0602755
761.5273 -1.93719 0.757449
762.5221 -1.22665 0.204493
763.5266 -1.40073 0.341594
764.5351 -1.40729 0.0284347
765.5421 -1.37402 -0.0676431
766.5523 -0.285508 -0.659961
767.5573 -0.143252 -0.75499
768.5627 -0.177086 -0.772697
769.5679 -0.611311 -0.530572
770.5234 -2.29979 0.959694
770.5839 -1.18069 -0.777817
771.5203 -1.34909 0.0877888
771.5889 -1.27875 -0.658958
772.5408 -0.897965 -0.684588
772.5992 -1.93577 -0.221989
773.5529 -1.38836 -0.208847
774.5561 -1.68865 0.42253
775.5612 -1.59663 0.337296
776.5679 -1.82283 -0.0394426
777.3237 -1.24032 -0.118222
777.5729 -1.54504 -0.485171
778.587 -1.12587 -0.95927
779.5895 -1.14989 -0.912143
780.595 -0.969393 -1.05088
781.5936 -0.940338 -0.756401
782.5311 -1.09324 -0.23032
782.6224 -1.17902 -0.753513
783.5399 -1.13499 -0.235842
783.6188 -1.15929 -0.730095
784.533 -1.29775 -0.111234
784.6353 -1.17371 -0.820889
785.5363 -1.1733 -0.212504
785.607 -1.0012 -0.769002
786.5419 -2.5851 1.02364
787.3691 -0.377419 -0.910134
787.5463 -2.29385 0.742737
788.545 0.144593 -1.60299
789.3846 -0.335913 -0.891891
789.5464 0.333084 -1.5919
790.3899 -0.322975 -0.926313
790.553 -0.108956 -1.22747
791.3947 -0.58838 -0.741929
791.5574 -0.100337 -1.20363
791.6783 -0.883376 -1.06169
792.5627 0.0470939 -1.43576
793.5683 -0.203329 -1.30312
794.5827 0.147902 -1.70682
795.5179 -0.0881987 -1.26349
795.5883 -0.212585 -1.40337
796.5234 -0.339388 -1.03199
796.5946 -0.423525 -1.19332
797.5402 -0.180859 -1.13119
797.6 -0.609916 -1.04267
797.6647 -0.910811 -0.887327
798.5481 -0.313462 -0.991559
798.6627 -0.852904 -1.02794
799.5477 -0.59619 -0.83124
799.6666 -0.860347 -0.991543
800.5585 -0.821035 -0.722019
800.6696 -0.826859 -0.96694
801.562 -0.949408 -0.633755
801.6777 -0.893696 -0.909491
802.5693 -0.890901 -0.72849
803.3439 -0.116995 -1.19709
803.5664 -0.790256 -0.720818
804.5727 -0.468593 -1.03335
805.3589 0.100253 -1.29389
805.561 -0.208334 -1.21763
806.3626 -0.139622 -1.11705
806.5607 -0.150995 -1.67879
807.3629 -0.122234 -1.14026
807.5568 0.013575 -1.54684
807.673 -0.531515 -1.38387
808.5403 -0.935651 -0.501964
808.6824 -0.421615 -1.66231
809.5366 -1.10597 -0.534762
809.6866 -0.499156 -1.51755
810.5381 -0.00342304 -1.21576
810.6929 -0.401669 -1.50585
811.5432 0.0704379 -1.2343
811.6972 -0.446817 -1.35983
812.548 0.58449 -1.71777
812.679 -0.424263 -1.32522
813.5505 0.33046 -1.53226
813.6808 -0.401363 -1.31079
814.5579 0.901352 -2.12011
814.6859 -0.409566 -1.27304
815.5554 0.743268 -1.80059
815.684 -0.408085 -1.18432
816.5701 0.703157 -2.13772
817.5024 -0.184365 -1.03412
817.5743 0.301544 -1.56361
818.5799 -1.00629 -0.183534
819.5295 -0.153208 -0.958055
819.5872 -1.02057 -0.179375
820.5341 -0.0555459 -1.0763
820.593 -0.888504 -0.365217
821.5378 0.125041 -1.35621
821.5974 -0.6246 -0.732608
822.5482 0.455233 -1.88875
822.6128 -0.279319 -1.01172
823.5524 0.196221 -1.51208
823.6162 -0.210684 -1.04217
823.6676 -0.267579 -1.44344
824.505 -0.992213 -0.206169
824.5566 0.0032536 -1.18193
824.6793 -0.408542 -1.39984
825.5049 -0.572686 -0.51349
825.561 -0.143848 -1.04347
825.6832 -0.366886 -1.3992
826.5344 -0.357178 -0.984127
826.6935 -0.0735248 -1.43753
827.5427 0.0139398 -1.19865
827.6971 -0.0617694 -1.39749
828.5558 0.240739 -1.30195
828.7009 -0.0987658 -1.26745
829.5635 0.187381 -1.01928
829.704 -0.105851 -1.18889
830.569 0.208404 -1.00073
831.5699 0.32777 -1.14313
832.5289 0.159098 -0.864499
832.5851 0.0975448 -1.02206
833.5328 0.323446 -1.03317
834.541 0.252839 -0.871292
835.5474 0.168086 -0.754602
836.5508 0.333012 -0.934366
837.554 0.721324 -1.44184
838.5627 0.915113 -1.90513
839.5707 0.791179 -1.74735
840.5729 0.792781 -1.76271
840.6806 -0.0010895 -1.26022
841.5671 0.355848 -1.09295
841.6823 0.0754907 -1.31883
842.5723 0.178565 -0.826708
842.6862 0.183615 -1.26888
843.5107 0.502391 -1.38761
843.5773 0.189219 -0.806026
844.5199 0.431596 -1.36293
844.5892 0.410787 -1.05225
845.5227 0.268307 -1.05348
845.5939 0.46344 -1.07018
846.5283 0.305412 -0.939813
846.5964 0.358865 -0.941456
847.5491 0.228701 -0.804066
848.5515 0.130495 -0.585302
849.5594 0.0115021 -0.471366
850.5582 0.101503 -0.596609
851.5594 0.147829 -0.637533
852.5634 0.266869 -0.749083
853.5413 0.373729 -0.814816
854.514 0.402192 -0.72967
854.5665 0.453783 -0.960276
855.5199 0.438608 -0.771003
855.5804 0.210688 -0.686038
856.526 0.359123 -0.555668
856.5845 0.182802 -0.659382
857.5387 -0.243212 -0.07136
858.5375 -0.144586 -0.165251
858.5964 0.363 -0.673864
859.55 0.189779 -0.469223
860.5587 0.56908 -0.845793
861.5369 0.764037 -1.15016
862.5565 1.11852 -1.31817
862.6224 0.567837 -1.29128
863.5587 0.89988 -1.15838
864.5622 0.628863 -0.87924
865.5544 0.645752 -0.780394
866.5674 0.807512 -0.882151
867.5817 0.189144 -0.44761
868.5918 -0.239479 -0.200487
869.5983 0.015779 -0.475655
870.606 0.00647892 -0.435034
871.5492 0.751135 -0.854133
871.6091 0.256331 -0.517848
872.5002 0.509622 -0.36629
872.6159 0.502548 -0.634489
873.5049 0.505085 -0.358554
873.6184 0.521749 -0.568811
874.5091 0.518579 -0.392593
874.5694 0.70099 -0.626176
875.5138 0.663448 -0.557862
875.5723 0.676156 -0.583199
876.557 0.391439 -0.276926
876.6375 0.840321 -0.944844
877.5614 0.594344 -0.384131
878.561 0.597069 -0.415088
879.5207 0.277578 -0.200131
879.6169 0.827602 -0.952509
880.5282 0.0839125 -0.0785806
881.5357 1.03523 -0.935012
882.5522 1.19664 -1.07591
883.553 2.53429 -1.92992
884.5706 1.65214 -1.22032
885.5655 2.92293 -2.04989
886.5711 2.38023 -1.63184
887.5811 2.13759 -1.43192
888.5765 1.77313 -1.20562
888.6407 0.978318 -1.5286
889.5684 1.01262 -0.544006
889.6447 0.970893 -1.29044
890.5792 0.758479 -0.307424
890.6514 0.938932 -1.17787
891.5836 0.795596 -0.460504
891.6568 0.931631 -1.07327
892.6032 0.36762 -0.183121
893.5947 0.709262 -0.377599
894.5452 0.737132 -0.241205
894.6247 -0.210518 0.179931
895.4919 0.771336 -0.142623
895.6252 0.00141072 0.0837313
896.4982 0.255095 0.324044
896.6355 -0.22411 0.0775762
897.5026 0.382982 0.211717
897.5696 0.912459 -0.324876
897.663 -0.659915 0.89841
898.5062 0.507841 0.147593
898.5788 0.932287 -0.305575
898.666 -0.0179417 0.458845
899.5789 0.777952 -0.512552
899.6661 0.061539 0.37039

//ranges for normalization:
500
500.1841 0 375
500.2862 0 303
501.1914 0 511
501.2899 0 184
502.1998 0 400
502.2981 0 171
503.2065 0 743
504.2144 0 402
505.2206 0 206
505.2917 0 295
506.3019 0 346
507.2841 0 4879
508.2924 0 1710
509.2971 0 605
510.3023 0 226
511.3158 0 656
512.3216 0 495
517.2988 0 268
518.3026 0 276
519.3173 0 197
520.3157 0 203
521.3196 0 123
522.3037 0 199
524.2898 0 849
525.2929 0 393
526.2972 0 161
527.2801 0 243
528.3161 0 268
529.3067 0 140
530.2755 0 166
531.3101 0 177
532.3146 0 98
533.2684 0 246
533.3268 0 189
534.3301 0 190
546.2915 0 214
551.275 0 467
552.2925 0 144
553.2943 0 211
555.2999 0 272
556.3048 0 173
557.3145 0 143
558.3286 0 102
559.3411 0 138
560.3358 0 117
562.2652 0 240
568.2849 0 173
569.2948 0 152
570.3151 0 113
571.3223 0 164
572.3622 0 173
573.3689 0 176
574.3517 0 147
575.3716 0 190
579.3066 0 229
580.3113 0 182
581.3065 0 222
582.3141 0 188
583.3347 0 303
584.3377 0 222
585.3398 0 132
586.34 0 198
587.3565 0 203
588.3639 0 155
589.3832 0 160
593.282 0 239
594.2976 0 155
597.262 0 256
597.3154 0 248
599.3303 0 503
599.3985 0 195
600.3352 0 256
600.4037 0 182
601.3958 0 186
602.296 0 625
602.3937 0 218
603.2996 0 286
604.3069 0 186
607.303 0 232
608.3151 0 181
609.256 0 317
609.3182 0 405
610.3221 0 212
612.3721 0 139
613.3822 0 174
614.3894 0 139
615.4011 0 304
616.1927 0 10391
616.4054 0 152
617.412 0 160
618.2684 0 231
619.296 0 383
620.302 0 237
621.3124 0 655
622.3162 0 318
623.2861 0 390
624.2928 0 113
625.2962 0 446
626.2996 0 237
626.5026 0 347
627.3192 0 174
627.4077 0 132
627.5078 0 324
628.3382 0 105
628.4099 0 169
629.3728 0 175
629.4205 0 222
630.4039 0 160
631.3918 0 190
634.3575 0 134
635.2714 0 363
636.2755 0 221
637.287 0 1129
638.2905 0 417
638.4081 0 99
639.2886 0 281
639.4275 0 213
640.2916 0 162
640.4283 0 150
641.2856 0 240
641.4288 0 156
642.2991 0 96
642.426 0 184
642.4991 0 455
643.3046 0 236
643.4377 0 190
643.5054 0 543
644.3109 0 138
644.4403 0 164
644.5132 0 928
645.3094 0 151
645.4608 0 250
645.517 0 621
646.4648 0 186
646.5228 0 168
647.4764 0 1579
648.3848 0 140
648.4803 0 477
649.4836 0 273
652.3522 0 204
653.3514 0 122
654.3104 0 124
654.3925 0 175
655.4318 0 267
656.4456 0 211
657.2695 0 123
657.4824 0 243
658.5286 0 1274
659.4776 0 278
659.5328 0 758
660.3821 0 92
660.4811 0 120
660.5374 0 231
661.4927 0 1122
662.4037 0 125
662.4964 0 886
663.4987 0 296
668.3467 0 193
669.4517 0 196
670.2833 0 312
670.366 0 291
670.5295 0 1446
671.288 0 202
671.3692 0 192
671.4781 0 436
671.5362 0 1913
672.4846 0 340
672.5396 0 910
673.4934 0 5281
674.3312 0 129
674.4976 0 1454
675.3604 0 126
675.5044 0 1200
676.5099 0 567
677.4222 0 117
677.5135 0 230
679.4653 0 98
680.4619 0 169
681.4638 0 126
682.4601 0 166
683.5021 0 158
684.3326 0 135
684.511 0 189
685.5094 0 355
686.3473 0 138
686.4977 0 137
686.5532 0 238
687.5095 0 3197
688.4219 0 101
688.5125 0 823
689.5209 0 631
690.5241 0 627
691.5255 0 326
693.466 0 161
694.463 0 130
695.4761 0 377
696.4802 0 248
697.492 0 511
698.5224 0 243
699.5095 0 4971
700.4246 0 1074
700.5248 0 3867
701.5273 0 1784
702.5364 0 1526
703.5402 0 354
704.5428 0 270
705.5154 0 167
706.4934 0 214
707.5049 0 211
708.4966 0 86
709.493 0 542
710.4978 0 270
711.5083 0 376
712.5229 0 212
713.5322 0 431
714.5302 0 633
715.5806 0 3355
716.5477 0 2835
717.5404 0 1429
717.5939 0 339
718.5506 0 4786
719.4789 0 485
719.5545 0 2122
720.4828 0 568
720.5578 0 452
721.4951 0 638
721.5554 0 145
722.517 0 1212
723.5178 0 1614
724.5284 0 758
725.5306 0 923
726.4449 0 87
726.5554 0 5262
727.5523 0 1611
728.5683 0 6371
729.5715 0 3223
730.5768 0 1273
731.5161 0 253
731.5839 0 616
732.5456 0 142
733.4952 0 952
734.4995 0 564
735.5075 0 520
736.515 0 490
737.5244 0 1180
738.5229 0 1915
739.528 0 1351
740.5353 0 411
740.606 0 228
741.5527 0 393
742.5529 0 3890
743.4803 0 195
743.5569 0 1087
743.6145 0 805
744.4506 0 144
744.5675 13 7223
745.4968 0 1473
745.5712 0 1909
746.537 0 2558
747.5225 0 5495
747.5837 0 918
748.4325 0 142
748.532 0 1823
749.5377 0 1049
750.5555 0 5972
751.5607 0 2111
752.5671 0 1087
753.5732 0 506
754.4958 0 114
754.5889 0 3045
755.5887 0 1030
756.6039 0 3436
757.4984 0 103
757.6067 0 921
758.5244 0 222
758.6068 0 500
759.5158 0 536
759.5833 0 322
760.5289 0 846
761.3535 0 178
761.5273 0 1478
762.5221 0 4070
763.5266 0 4274
764.5351 0 2083
765.5421 0 2565
766.5523 0 8503
767.5573 0 4922
768.5627 0 1828
769.5679 0 758
770.5234 0 725
770.5839 0 1315
771.5203 0 353
771.5889 0 812
772.5408 0 1223
772.5992 0 1302
773.5529 0 2008
774.5561 0 7833
775.5612 0 10644
776.5679 0 4379
777.3237 0 350
777.5729 0 1021
778.587 0 1754
779.5895 0 1841
780.595 0 793
781.5936 0 559
782.5311 0 245
782.6224 0 1055
783.5399 0 209
783.6188 0 730
784.533 0 165
784.6353 0 735
785.5363 0 162
785.607 0 326
786.5419 0 1252
787.3691 0 164
787.5463 0 793
788.545 0 4069
789.3846 0 265
789.5464 0 1620
790.3899 0 286
790.553 0 14331
791.3947 0 167
791.5574 0 18255
791.6783 0 297
792.5627 0 6264
793.5683 0 2099
794.5827 0 2715
795.5179 0 404
795.5883 0 1685
796.5234 0 321
796.5946 0 406
797.5402 0 395
797.6 0 302
797.6647 0 976
798.5481 0 381
798.6627 0 7736
799.5477 0 326
799.6666 0 2333
800.5585 0 256
800.6696 0 1381
801.562 0 361
801.6777 0 1059
802.5693 0 365
803.3439 0 327
803.5664 0 501
804.5727 0 500
805.3589 0 445
805.561 0 288
806.3626 0 307
806.5607 0 367
807.3629 0 251
807.5568 0 253
807.673 0 310
808.5403 0 405
808.6824 0 2113
809.5366 0 425
809.6866 0 1407
810.5381 0 662
810.6929 0 1323
811.5432 0 651
811.6972 0 721
812.548 0 590
812.679 0 1151
813.5505 0 259
813.6808 0 1190
814.5579 0 343
814.6859 0 314
815.5554 0 350
815.684 0 286
816.5701 0 1013
817.5024 0 129
817.5743 0 885
818.5799 0 1179
819.5295 0 241
819.5872 0 1249
820.5341 0 303
820.593 0 270
821.5378 0 308
821.5974 0 278
822.5482 0 427
822.6128 0 365
823.5524 0 396
823.6162 0 228
823.6676 0 429
824.505 0 376
824.5566 0 342
824.6793 0 3302
825.5049 0 169
825.561 0 306
825.6832 0 1843
826.5344 0 205
826.6935 0 6881
827.5427 0 318
827.6971 0 3733
828.5558 0 177
828.7009 0 1825
829.5635 0 353
829.704 0 646
830.569 0 263
831.5699 0 303
832.5289 0 428
832.5851 0 137
833.5328 0 302
834.541 0 2819
835.5474 0 2579
836.5508 0 2248
837.554 0 949
838.5627 0 2446
839.5707 0 1184
840.5729 0 967
840.6806 0 369
841.5671 0 1113
841.6823 0 263
842.5723 0 664
842.6862 0 227
843.5107 0 140
843.5773 0 615
844.5199 0 358
844.5892 0 268
845.5227 0 281
845.5939 0 168
846.5283 0 222
846.5964 0 138
847.5491 0 147
848.5515 0 365
849.5594 0 217
850.5582 0 376
851.5594 0 218
852.5634 0 270
853.5413 0 278
854.514 0 339
854.5665 0 355
855.5199 0 347
855.5804 0 413
856.526 0 273
856.5845 0 529
857.5387 0 688
858.5375 0 728
858.5964 0 220
859.55 0 437
860.5587 0 210
861.5369 0 286
862.5565 0 217
862.6224 0 260
863.5587 0 332
864.5622 0 250
865.5544 0 448
866.5674 0 269
867.5817 0 640
868.5918 0 1155
869.5983 0 1006
870.606 0 381
871.5492 0 187
871.6091 0 347
872.5002 0 797
872.6159 0 236
873.5049 0 575
873.6184 0 200
874.5091 0 306
874.5694 0 148
875.5138 0 171
875.5723 0 228
876.557 0 167
876.6375 0 164
877.5614 0 390
878.561 0 290
879.5207 0 937
879.6169 0 240
880.5282 0 800
881.5357 0 425
882.5522 0 597
883.553 0 1736
884.5706 0 535
885.5655 0 5786
886.5711 0 1942
887.5811 0 1286
888.5765 0 322
888.6407 0 1196
889.5684 0 385
889.6447 0 779
890.5792 0 591
890.6514 0 1447
891.5836 0 639
891.6568 0 715
892.6032 0 244
893.5947 0 257
894.5452 0 217
894.6247 0 849
895.4919 0 150
895.6252 0 1099
896.4982 0 287
896.6355 0 1056
897.5026 0 185
897.5696 0 141
897.663 0 692
898.5062 0 198
898.5788 0 238
898.666 0 1107
899.5789 0 528
899.6661 0 225
