500	
500.18	0.0551972	-0.0780271
500.29	-0.227622	0.238265
501.19	0.0291324	-0.0486795
501.29	-0.0845371	0.0938011
502.20	0.0943613	-0.124464
502.30	-0.0152818	0.0689566
503.21	0.0386754	-0.0520911
504.21	0.056138	-0.0840604
505.22	0.0393337	-0.053031
505.29	0.175657	-0.0930628
506.30	0.285148	-0.131592
507.28	-0.096484	0.424885
508.29	-0.178874	0.454989
509.30	-0.152454	0.329651
510.30	-0.178032	0.209558
511.32	-0.437741	0.0518598
512.32	-0.397493	0.117157
517.30	0.0284309	0.0379031
518.30	-0.0141365	0.0233056
519.32	0.00233156	0.00678141
520.32	0.00253756	0.000449866
521.32	-0.0269333	-0.0203978
522.30	0.0612184	-0.020403
524.29	-0.358432	0.379622
525.29	-0.271983	0.291729
526.30	-0.15946	0.16047
527.28	0.031813	-0.034963
528.32	-0.240205	0.162925
529.31	-0.0951785	0.0507058
530.28	0.0666663	0.0183223
531.31	-0.00858275	0.0157553
532.31	0.000774719	-0.00216938
533.27	0.058862	0.0475161
533.33	-0.0344297	-0.0323594
534.33	-0.04865	0.00861422
546.29	0.0486388	0.0575259
551.28	0.0822136	0.241678
552.29	0.0211309	0.0645784
553.29	0.0157298	0.0349419
555.30	-0.136143	0.0846051
556.30	-0.102482	0.0583867
557.31	-0.053166	0.0149789
558.33	-0.0451577	0.0297693
559.34	0.0160841	0.0153386
560.34	0.00200502	-0.00126346
562.27	0.0542941	-0.00310888
568.28	-0.0847675	0.0954382
569.29	-0.0722809	0.091657
570.32	0.0110542	-0.0032611
571.32	0.00967053	-0.00142572
572.36	0.0107039	0.0226802
573.37	0.015243	0.0068606
574.35	0.0347871	0.00916592
575.37	-0.00957129	0.0246248
579.31	-0.0895386	0.103726
580.31	-0.118808	0.0916324
581.31	-0.156949	0.162299
582.31	-0.0678067	0.0660945
583.33	-0.275593	0.188856
584.34	-0.0956685	0.0668805
585.34	-0.00182041	-0.00485405
586.34	0.0516768	-0.0326636
587.36	0.0159487	-0.00111221
588.36	0.0154059	-0.00218118
589.38	-0.0165147	0.017089
593.28	0.173085	-0.0407688
594.30	0.0456458	-0.0206041
597.26	0.084449	-0.0177707
597.32	-0.194672	0.209051
599.33	-0.294802	0.306305
599.40	0.0571027	0.023978
600.34	-0.146326	0.163116
600.40	0.0325918	-0.0126728
601.40	0.0604272	-0.0328052
602.30	-0.318689	0.43578
602.39	-0.010146	0.0277223
603.30	-0.100172	0.139228
604.31	-0.0774668	0.100837
607.30	0.0694075	-0.0272974
608.32	0.0333041	-0.0209848
609.26	0.270139	-0.0510377
609.32	0.043971	-0.00248976
610.32	0.0431293	0.00576446
612.37	0.00841828	-0.00117018
613.38	-0.0267234	-0.0209771
614.39	-0.0204292	0.0339061
615.40	-0.0679727	0.076928
616.19	0.0462017	-0.0334822
616.41	-0.0463751	0.0459047
617.41	0.011924	-0.0121984
618.27	-0.071989	0.160639
619.30	-0.176018	0.27733
620.30	-0.0839252	0.141823
621.31	-0.20825	0.359363
622.32	-0.0996956	0.194661
623.29	0.0448985	-0.0382492
624.29	0.0281068	-0.0320662
625.30	0.055209	-0.0233997
626.30	-0.0715464	0.0270695
626.50	0.462754	-0.0996344
627.32	-0.00560106	0.0116936
627.41	0.0362916	-0.00379956
627.51	0.329177	-0.0729648
628.34	0.028559	-0.018877
628.41	-0.0298852	0.0095833
629.37	0.0181981	-0.0599427
629.42	-0.0490341	0.0402584
630.40	-0.000207686	-0.0121046
631.39	-0.0133001	-0.0158562
634.36	-0.0455869	0.0235634
635.27	-0.275613	0.304893
636.28	-0.117558	0.135454
637.29	-0.179517	0.365433
638.29	-0.125448	0.266309
638.41	-0.00446153	0.0113856
639.29	-0.0884551	0.17488
639.43	0.0329314	0.0195215
640.29	-0.0213287	0.0592868
640.43	0.0225656	0.00859268
641.29	0.0269702	0.0123809
641.43	0.00727396	-0.0135645
642.30	0.0380022	-0.0157956
642.43	-0.00552548	0.0250396
642.50	0.118171	-0.0730776
643.30	0.0263141	0.00345812
643.44	-0.00353675	0.00791154
643.51	0.119321	-0.0695686
644.31	0.0265655	-0.0141622
644.44	0.0260354	-0.0368135
644.51	0.824896	-0.164861
645.31	0.0153936	-0.00867788
645.46	0.0265382	-0.00824426
645.52	0.562161	-0.126147
646.46	0.0282872	0.00484876
646.52	0.312286	-0.0696994
647.48	0.2436	0.248183
648.38	-0.0432028	0.0136304
648.48	0.172695	0.138091
649.48	0.142349	0.0676094
652.35	0.0200383	-0.0376403
653.35	0.0153323	-0.00949753
654.31	-0.0498657	0.0953898
654.39	0.0395757	-0.0812109
655.43	-0.0717366	0.0938041
656.45	-0.0438988	0.0495527
657.27	0.0240823	0.00813651
657.48	-0.00387819	-0.0702638
658.53	0.723113	-0.130728
659.48	0.0401423	0.0372334
659.53	0.787735	-0.170507
660.38	-0.000871614	0.00373589
660.48	0.0431244	0.00958771
660.54	0.405978	-0.0956813
661.49	0.24844	0.180939
662.40	0.010197	0.0392874
662.50	0.229431	0.13913
663.50	0.140261	0.0985201
668.35	0.0362121	-0.0641482
669.45	-0.0229569	0.0358461
670.28	-0.0940933	0.194914
670.37	0.0285492	0.035177
670.53	0.834275	-0.160454
671.29	-0.023502	0.0874001
671.37	0.0280282	0.005028
671.48	0.0276009	0.0703292
671.54	0.983308	-0.181948
672.48	0.151251	-0.00706569
672.54	0.897226	-0.185113
673.49	0.221882	0.103132
674.33	-0.00742221	0.0302773
674.50	0.25783	0.109361
675.36	-0.00291329	0.0134427
675.50	0.214165	0.214404
676.51	0.131716	0.0793074
677.42	-0.0221246	0.0320466
677.51	0.068109	0.0527992
679.47	0.0519968	0.00853302
680.46	0.0128167	0.0121359
681.46	0.0267984	-0.0155002
682.46	-0.00846617	0.0439981
683.50	0.0194244	-0.0573187
684.33	0.0363937	-0.0396827
684.51	0.0444277	-0.136249
685.51	0.0611676	-0.0697566
686.35	0.0303627	0.00283733
686.50	0.0557673	0.00877421
686.55	0.172274	-0.0757721
687.51	0.186028	0.0518607
688.42	-0.00164187	0.024331
688.51	0.195863	0.0442887
689.52	0.153443	0.115859
690.52	0.255392	0.0695442
691.53	0.170458	0.0264282
693.47	-0.00637046	0.0208731
694.46	-0.0318361	0.0413319
695.48	-0.303224	0.261514
696.48	-0.17775	0.167138
697.49	-0.116015	0.157355
698.52	0.363396	-0.203361
699.51	0.274188	0.0452359
700.42	0.0453228	-0.0319024
700.52	0.3884	-0.236971
701.53	0.0265011	-0.0769273
702.54	0.214823	-0.213927
703.54	0.149671	-0.122541
704.54	0.161937	-0.0655312
705.52	0.0689499	-0.0590512
706.49	0.04413	-0.00175774
707.50	0.0108462	-0.0249674
708.50	0.0278925	-0.00269205
709.49	-0.395584	0.426697
710.50	-0.197252	0.229901
711.51	-0.107506	0.117641
712.52	0.0328494	-0.0249819
713.53	0.0123496	-0.133944
714.53	0.323602	-0.150568
715.58	0.792201	-0.137604
716.55	0.293857	-0.225057
717.54	0.265348	-0.118571
717.59	0.708861	-0.151328
718.55	0.415359	0.222015
719.48	-0.514956	0.436498
719.55	0.408714	0.189534
720.48	-0.386858	0.336896
720.56	0.205113	0.109695
721.50	-0.366608	0.342193
721.56	0.112031	0.0372768
722.52	0.244605	-0.0431088
723.52	0.027431	0.0109393
724.53	0.149598	-0.0856526
725.53	0.0701428	-0.130787
726.44	0.031536	-0.0271803
726.56	0.376754	-0.393865
727.55	0.25876	-0.306238
728.57	0.065874	-0.307819
729.57	0.023655	-0.264444
730.58	-0.0278354	-0.242838
731.52	0.112713	0.0296933
731.58	-0.00435176	-0.150386
732.55	0.0771098	-0.0302242
733.50	-0.602345	0.478752
734.50	-0.562041	0.447182
735.51	-0.386052	0.322482
736.52	-0.0194606	0.0815195
737.52	-0.0171633	0.0659822
738.52	0.417915	-0.129746
739.53	0.380456	-0.157905
740.54	0.348511	-0.149507
740.61	0.000832311	-0.135286
741.55	0.111532	-0.215076
742.55	0.100276	-0.0818916
743.48	-0.0650647	0.0654579
743.56	0.107582	-0.123265
743.61	0.114427	-0.116442
744.45	0.0441069	-0.000555798
744.57	0.123686	0.143373
745.50	-0.51908	0.499896
745.57	0.146296	0.0564243
746.54	0.140185	0.109097
747.52	-0.101529	0.456852
747.58	0.225156	0.202674
748.43	-0.0301534	0.0475794
748.53	-0.241684	0.335405
749.54	-0.272123	0.228004
750.56	0.142258	-0.169983
751.56	0.154025	-0.0904752
752.57	0.0124963	-0.11969
753.57	-0.0458504	-0.174916
754.50	0.0495053	-0.0517105
754.59	-0.307355	-0.196955
755.59	-0.25489	-0.155924
756.60	-0.267418	-0.182212
757.50	-0.0205689	0.0064766
757.61	-0.261205	-0.176295
758.52	0.198335	-0.101843
758.61	-0.197338	-0.104764
759.52	-0.0337013	0.141435
759.58	-0.0367249	-0.0300778
760.53	0.558404	-0.0960959
761.35	0.10121	-0.0248025
761.53	0.453503	0.00134639
762.52	0.240167	0.238115
763.53	0.308692	0.250191
764.54	0.112582	0.14175
765.54	0.0523521	0.0502887
766.55	-0.145639	0.231944
767.56	-0.171557	0.283385
768.56	-0.182696	0.262789
769.57	-0.101207	0.106527
770.52	0.583557	-0.0951497
770.58	-0.325284	-0.0748916
771.52	0.202255	0.0762389
771.59	-0.258888	-0.119665
772.54	-0.175173	0.227278
772.60	-0.0615918	-0.160518
773.55	0.0425435	0.0906293
774.56	0.411047	0.129905
775.56	0.378372	0.128201
776.57	0.121739	0.0707844
777.32	0.129262	-0.0255354
777.57	-0.110476	0.0136503
778.59	-0.358802	-0.0973379
779.59	-0.331434	-0.123668
780.60	-0.382141	-0.0895956
781.59	-0.19143	-0.0553418
782.53	0.1039	-0.0907655
782.62	-0.216348	-0.134655
783.54	0.109316	-0.0799257
783.62	-0.187814	-0.1307
784.53	0.182912	-0.0573904
784.64	-0.234845	-0.14758
785.54	0.151196	-0.0322151
785.61	-0.161073	-0.0480564
786.54	0.724237	-0.184395
787.37	-0.133673	0.158531
787.55	0.605653	-0.141138
788.55	-0.448779	0.396022
789.38	-0.100237	0.19192
789.55	-0.396015	0.488819
790.39	-0.108866	0.178271
790.55	-0.215052	0.490542
791.39	-0.0327361	0.0724853
791.56	-0.189616	0.461277
791.68	-0.269345	-0.0806764
792.56	-0.291311	0.565828
793.57	-0.262878	0.39698
794.58	-0.481159	0.233015
795.52	-0.244679	0.192101
795.59	-0.352836	0.0943579
796.52	-0.14054	0.0999426
796.59	-0.250777	0.0263753
797.54	-0.161422	0.172919
797.60	-0.182058	-0.0361803
797.66	-0.131443	-0.129914
798.55	-0.0929162	0.10095
798.66	-0.197434	-0.104594
799.55	-0.0313496	0.0258662
799.67	-0.169808	-0.109371
800.56	0.0151795	0.00332624
800.67	-0.142671	-0.0986225
801.56	0.0592297	-0.00478038
801.68	-0.112113	-0.119726
802.57	0.0266265	0.0460105
803.34	-0.151888	0.162683
803.57	0.0495278	0.0889575
804.57	-0.097944	0.0907396
805.36	-0.16045	0.295354
805.56	-0.169071	0.123772
806.36	-0.0921837	0.164344
806.56	-0.445884	0.030363
807.36	-0.0996387	0.159258
807.56	-0.332653	0.111565
807.67	-0.319961	-0.0844195
808.54	0.16404	-0.0619497
808.68	-0.46963	-0.0823802
809.54	0.126077	-0.104148
809.69	-0.389746	-0.0981472
810.54	-0.130286	0.0508381
810.69	-0.364568	-0.0723428
811.54	-0.128497	0.0563458
811.70	-0.279304	-0.0775664
812.55	-0.338681	0.195183
812.68	-0.252901	-0.0710126
813.55	-0.252853	0.201666
813.68	-0.2391	-0.0707091
814.56	-0.520981	0.331153
814.69	-0.215734	-0.0751317
815.56	-0.344242	0.347066
815.68	-0.16259	-0.087739
816.57	-0.549924	0.355342
817.50	-0.0236009	0.0765223
817.57	-0.261895	0.241473
818.58	0.400446	0.0430024
819.53	0.0378976	0.144826
819.59	0.394784	0.0146705
820.53	-0.0273004	0.112124
820.59	0.295482	0.01151
821.54	-0.173836	0.137659
821.60	0.0917982	-0.0498071
822.55	-0.458956	0.1272
822.61	-0.0371077	-0.0469455
823.55	-0.264869	0.110635
823.62	-0.0492508	-0.0496328
823.67	-0.305686	-0.120321
824.51	0.352269	-0.116606
824.56	-0.0997018	0.0437627
824.68	-0.304342	-0.166101
825.50	0.221012	-0.0698877
825.56	-0.0437591	-0.0142463
825.68	-0.302278	-0.165061
826.53	-0.048064	-0.120156
826.69	-0.282204	-0.0771359
827.54	-0.118815	0.0119343
827.70	-0.260078	-0.0776791
828.56	-0.147501	0.0804093
828.70	-0.190376	-0.083503
829.56	0.021507	0.15032
829.70	-0.148202	-0.0856406
830.57	0.029197	0.142985
831.57	-0.0457613	0.128733
832.53	0.0978509	0.115899
832.59	-0.0205931	0.0218208
833.53	0.0146012	0.141402
834.54	0.130237	0.312267
835.55	0.196819	0.394486
836.55	0.107971	0.41424
837.55	-0.15123	0.417663
838.56	-0.447081	0.205658
839.57	-0.376529	0.155868
840.57	-0.389074	0.157845
840.68	-0.218679	-0.126036
841.57	-0.0394581	0.180834
841.68	-0.250406	-0.115221
842.57	0.0858301	0.129712
842.69	-0.209207	-0.0746128
843.51	-0.234147	0.0265265
843.58	0.0881837	0.137641
844.52	-0.240865	-0.0145328
844.59	-0.0468368	0.0873273
845.52	-0.0672649	0.0807013
845.59	-0.0609216	0.0637198
846.53	-0.0064568	0.0548823
846.60	-0.0107267	0.0170705
847.55	0.0471464	-0.00895003
848.55	0.171869	0.0290238
849.56	0.225228	0.049159
850.56	0.147236	0.00650103
851.56	0.122111	0.00240237
852.56	0.0662583	0.0212692
853.54	0.0373518	0.0318558
854.51	0.0922361	0.0828575
854.57	-0.0506118	0.040153
855.52	0.0605943	0.0775859
855.58	0.0757517	0.0411768
856.53	0.179677	0.129976
856.58	0.0807885	0.0526076
857.54	0.366668	-0.00239321
858.54	0.318825	0.00373321
858.60	0.0725081	0.0218727
859.55	0.158271	-0.0421158
860.56	-0.0176078	0.0255399
861.54	-0.174438	0.0872372
862.56	-0.225233	0.192714
862.62	-0.315174	-0.0810561
863.56	-0.178651	0.120949
864.56	-0.0548006	0.0743809
865.55	0.00592626	0.0858821
866.57	-0.0396038	0.105016
867.58	0.129972	0.0297614
868.59	0.216196	-0.0367476
869.60	0.0767211	-0.0281125
870.61	0.0888083	-0.0559867
871.55	-0.0698348	0.0393694
871.61	0.0674876	0.020321
872.50	0.200369	0.133927
872.62	0.00992554	0.00890696
873.50	0.188584	0.116284
873.62	0.0349395	-0.0198973
874.51	0.150027	0.0894611
874.57	0.0108423	0.00351565
875.51	0.0435038	0.0185225
875.57	0.0192139	0.000122915
876.56	0.158443	-0.0429204
876.64	-0.194456	-0.0248832
877.56	0.11168	0.0112832
878.56	0.0887199	0.0270632
879.52	0.178732	0.0631336
879.62	-0.23155	-0.0431947
880.53	0.201541	-0.0118001
881.54	-0.184009	0.179175
882.55	-0.256004	0.189528
883.55	-0.570735	0.552828
884.57	-0.294896	0.265107
885.57	-0.593568	0.697618
886.57	-0.439235	0.516193
887.58	-0.372744	0.400615
888.58	-0.300492	0.261705
888.64	-0.637193	-0.0847195
889.57	-0.0279943	0.0842908
889.64	-0.507274	-0.0704997
890.58	0.0595051	0.0133608
890.65	-0.460252	-0.0837657
891.58	-0.0465593	-0.0222895
891.66	-0.413302	-0.0838724
892.60	0.0345031	-0.170663
893.59	-0.0343573	-0.0541369
894.55	0.0497287	-0.00889989
894.62	0.158901	-0.230685
895.49	0.104541	0.0275512
895.63	0.113257	-0.196764
896.50	0.298287	-0.0403647
896.64	0.0620731	-0.250101
897.50	0.229058	-0.0506574
897.57	-0.0284709	0.0208376
897.66	0.492772	-0.239369
898.51	0.184336	-0.0400631
898.58	-0.0324106	0.0480981
898.67	0.288493	-0.148806
899.58	-0.205315	-0.0604492
899.67	0.227322	-0.154942
		
//ranges	for	normalization:
500.00		
500.18	0	375
500.29	0	303
501.19	0	511
501.29	0	184
502.20	0	400
502.30	0	171
503.21	0	743
504.21	0	402
505.22	0	206
505.29	0	295
506.30	0	346
507.28	0	4879
508.29	0	1710
509.30	0	605
510.30	0	226
511.32	0	656
512.32	0	495
517.30	0	268
518.30	0	276
519.32	0	197
520.32	0	203
521.32	0	123
522.30	0	199
524.29	0	849
525.29	0	393
526.30	0	161
527.28	0	243
528.32	0	268
529.31	0	140
530.28	0	166
531.31	0	177
532.31	0	98
533.27	0	246
533.33	0	189
534.33	0	190
546.29	0	214
551.28	0	467
552.29	0	144
553.29	0	211
555.30	0	272
556.30	0	173
557.31	0	143
558.33	0	102
559.34	0	138
560.34	0	117
562.27	0	240
568.28	0	173
569.29	0	152
570.32	0	113
571.32	0	164
572.36	0	173
573.37	0	176
574.35	0	147
575.37	0	190
579.31	0	229
580.31	0	182
581.31	0	222
582.31	0	188
583.33	0	303
584.34	0	222
585.34	0	132
586.34	0	198
587.36	0	203
588.36	0	155
589.38	0	160
593.28	0	239
594.30	0	155
597.26	0	256
597.32	0	248
599.33	0	503
599.40	0	195
600.34	0	256
600.40	0	182
601.40	0	186
602.30	0	625
602.39	0	218
603.30	0	286
604.31	0	186
607.30	0	232
608.32	0	181
609.26	0	317
609.32	0	405
610.32	0	212
612.37	0	139
613.38	0	174
614.39	0	139
615.40	0	304
616.19	0	10391
616.41	0	152
617.41	0	160
618.27	0	231
619.30	0	383
620.30	0	237
621.31	0	655
622.32	0	318
623.29	0	390
624.29	0	113
625.30	0	446
626.30	0	237
626.50	0	347
627.32	0	174
627.41	0	132
627.51	0	324
628.34	0	105
628.41	0	169
629.37	0	175
629.42	0	222
630.40	0	160
631.39	0	190
634.36	0	134
635.27	0	363
636.28	0	221
637.29	0	1129
638.29	0	417
638.41	0	99
639.29	0	281
639.43	0	213
640.29	0	162
640.43	0	150
641.29	0	240
641.43	0	156
642.30	0	96
642.43	0	184
642.50	0	455
643.30	0	236
643.44	0	190
643.51	0	543
644.31	0	138
644.44	0	164
644.51	0	928
645.31	0	151
645.46	0	250
645.52	0	621
646.46	0	186
646.52	0	168
647.48	0	1579
648.38	0	140
648.48	0	477
649.48	0	273
652.35	0	204
653.35	0	122
654.31	0	124
654.39	0	175
655.43	0	267
656.45	0	211
657.27	0	123
657.48	0	243
658.53	0	1274
659.48	0	278
659.53	0	758
660.38	0	92
660.48	0	120
660.54	0	231
661.49	0	1122
662.40	0	125
662.50	0	886
663.50	0	296
668.35	0	193
669.45	0	196
670.28	0	312
670.37	0	291
670.53	0	1446
671.29	0	202
671.37	0	192
671.48	0	436
671.54	0	1913
672.48	0	340
672.54	0	910
673.49	0	5281
674.33	0	129
674.50	0	1454
675.36	0	126
675.50	0	1200
676.51	0	567
677.42	0	117
677.51	0	230
679.47	0	98
680.46	0	169
681.46	0	126
682.46	0	166
683.50	0	158
684.33	0	135
684.51	0	189
685.51	0	355
686.35	0	138
686.50	0	137
686.55	0	238
687.51	0	3197
688.42	0	101
688.51	0	823
689.52	0	631
690.52	0	627
691.53	0	326
693.47	0	161
694.46	0	130
695.48	0	377
696.48	0	248
697.49	0	511
698.52	0	243
699.51	0	4971
700.42	0	1074
700.52	0	3867
701.53	0	1784
702.54	0	1526
703.54	0	354
704.54	0	270
705.52	0	167
706.49	0	214
707.50	0	211
708.50	0	86
709.49	0	542
710.50	0	270
711.51	0	376
712.52	0	212
713.53	0	431
714.53	0	633
715.58	0	3355
716.55	0	2835
717.54	0	1429
717.59	0	339
718.55	0	4786
719.48	0	485
719.55	0	2122
720.48	0	568
720.56	0	452
721.50	0	638
721.56	0	145
722.52	0	1212
723.52	0	1614
724.53	0	758
725.53	0	923
726.44	0	87
726.56	0	5262
727.55	0	1611
728.57	0	6371
729.57	0	3223
730.58	0	1273
731.52	0	253
731.58	0	616
732.55	0	142
733.50	0	952
734.50	0	564
735.51	0	520
736.52	0	490
737.52	0	1180
738.52	0	1915
739.53	0	1351
740.54	0	411
740.61	0	228
741.55	0	393
742.55	0	3890
743.48	0	195
743.56	0	1087
743.61	0	805
744.45	0	144
744.57	13	7223
745.50	0	1473
745.57	0	1909
746.54	0	2558
747.52	0	5495
747.58	0	918
748.43	0	142
748.53	0	1823
749.54	0	1049
750.56	0	5972
751.56	0	2111
752.57	0	1087
753.57	0	506
754.50	0	114
754.59	0	3045
755.59	0	1030
756.60	0	3436
757.50	0	103
757.61	0	921
758.52	0	222
758.61	0	500
759.52	0	536
759.58	0	322
760.53	0	846
761.35	0	178
761.53	0	1478
762.52	0	4070
763.53	0	4274
764.54	0	2083
765.54	0	2565
766.55	0	8503
767.56	0	4922
768.56	0	1828
769.57	0	758
770.52	0	725
770.58	0	1315
771.52	0	353
771.59	0	812
772.54	0	1223
772.60	0	1302
773.55	0	2008
774.56	0	7833
775.56	0	10644
776.57	0	4379
777.32	0	350
777.57	0	1021
778.59	0	1754
779.59	0	1841
780.60	0	793
781.59	0	559
782.53	0	245
782.62	0	1055
783.54	0	209
783.62	0	730
784.53	0	165
784.64	0	735
785.54	0	162
785.61	0	326
786.54	0	1252
787.37	0	164
787.55	0	793
788.55	0	4069
789.38	0	265
789.55	0	1620
790.39	0	286
790.55	0	14331
791.39	0	167
791.56	0	18255
791.68	0	297
792.56	0	6264
793.57	0	2099
794.58	0	2715
795.52	0	404
795.59	0	1685
796.52	0	321
796.59	0	406
797.54	0	395
797.60	0	302
797.66	0	976
798.55	0	381
798.66	0	7736
799.55	0	326
799.67	0	2333
800.56	0	256
800.67	0	1381
801.56	0	361
801.68	0	1059
802.57	0	365
803.34	0	327
803.57	0	501
804.57	0	500
805.36	0	445
805.56	0	288
806.36	0	307
806.56	0	367
807.36	0	251
807.56	0	253
807.67	0	310
808.54	0	405
808.68	0	2113
809.54	0	425
809.69	0	1407
810.54	0	662
810.69	0	1323
811.54	0	651
811.70	0	721
812.55	0	590
812.68	0	1151
813.55	0	259
813.68	0	1190
814.56	0	343
814.69	0	314
815.56	0	350
815.68	0	286
816.57	0	1013
817.50	0	129
817.57	0	885
818.58	0	1179
819.53	0	241
819.59	0	1249
820.53	0	303
820.59	0	270
821.54	0	308
821.60	0	278
822.55	0	427
822.61	0	365
823.55	0	396
823.62	0	228
823.67	0	429
824.51	0	376
824.56	0	342
824.68	0	3302
825.50	0	169
825.56	0	306
825.68	0	1843
826.53	0	205
826.69	0	6881
827.54	0	318
827.70	0	3733
828.56	0	177
828.70	0	1825
829.56	0	353
829.70	0	646
830.57	0	263
831.57	0	303
832.53	0	428
832.59	0	137
833.53	0	302
834.54	0	2819
835.55	0	2579
836.55	0	2248
837.55	0	949
838.56	0	2446
839.57	0	1184
840.57	0	967
840.68	0	369
841.57	0	1113
841.68	0	263
842.57	0	664
842.69	0	227
843.51	0	140
843.58	0	615
844.52	0	358
844.59	0	268
845.52	0	281
845.59	0	168
846.53	0	222
846.60	0	138
847.55	0	147
848.55	0	365
849.56	0	217
850.56	0	376
851.56	0	218
852.56	0	270
853.54	0	278
854.51	0	339
854.57	0	355
855.52	0	347
855.58	0	413
856.53	0	273
856.58	0	529
857.54	0	688
858.54	0	728
858.60	0	220
859.55	0	437
860.56	0	210
861.54	0	286
862.56	0	217
862.62	0	260
863.56	0	332
864.56	0	250
865.55	0	448
866.57	0	269
867.58	0	640
868.59	0	1155
869.60	0	1006
870.61	0	381
871.55	0	187
871.61	0	347
872.50	0	797
872.62	0	236
873.50	0	575
873.62	0	200
874.51	0	306
874.57	0	148
875.51	0	171
875.57	0	228
876.56	0	167
876.64	0	164
877.56	0	390
878.56	0	290
879.52	0	937
879.62	0	240
880.53	0	800
881.54	0	425
882.55	0	597
883.55	0	1736
884.57	0	535
885.57	0	5786
886.57	0	1942
887.58	0	1286
888.58	0	322
888.64	0	1196
889.57	0	385
889.64	0	779
890.58	0	591
890.65	0	1447
891.58	0	639
891.66	0	715
892.60	0	244
893.59	0	257
894.55	0	217
894.62	0	849
895.49	0	150
895.63	0	1099
896.50	0	287
896.64	0	1056
897.50	0	185
897.57	0	141
897.66	0	692
898.51	0	198
898.58	0	238
898.67	0	1107
899.58	0	528
899.67	0	225