500.18
500.29
501.19
501.29
502.20
502.30
503.21
504.21
505.22
505.29
506.30
507.28
508.29
509.30
510.30
511.32
512.32
517.30
518.30
519.32
520.32
521.32
522.30
524.29
525.29
526.30
527.28
528.32
529.31
530.28
531.31
532.31
533.27
533.33
534.33
546.29
551.28
552.29
553.29
555.30
556.30
557.31
558.33
559.34
560.34
562.27
568.28
569.29
570.32
571.32
572.36
573.37
574.35
575.37
579.31
580.31
581.31
582.31
583.33
584.34
585.34
586.34
587.36
588.36
589.38
593.28
594.30
597.26
597.32
599.33
599.40
600.34
600.40
601.40
602.30
602.39
603.30
604.31
607.30
608.32
609.26
609.32
610.32
612.37
613.38
614.39
615.40
616.19
616.41
617.41
618.27
619.30
620.30
621.31
622.32
623.29
624.29
625.30
626.30
626.50
627.32
627.41
627.51
628.34
628.41
629.37
629.42
630.40
631.39
634.36
635.27
636.28
637.29
638.29
638.41
639.29
639.43
640.29
640.43
641.29
641.43
642.30
642.43
642.50
643.30
643.44
643.51
644.31
644.44
644.51
645.31
645.46
645.52
646.46
646.52
647.48
648.38
648.48
649.48
652.35
653.35
654.31
654.39
655.43
656.45
657.27
657.48
658.53
659.48
659.53
660.38
660.48
660.54
661.49
662.40
662.50
663.50
668.35
669.45
670.28
670.37
670.53
671.29
671.37
671.48
671.54
672.48
672.54
673.49
674.33
674.50
675.36
675.50
676.51
677.42
677.51
679.47
680.46
681.46
682.46
683.50
684.33
684.51
685.51
686.35
686.50
686.55
687.51
688.42
688.51
689.52
690.52
691.53
693.47
694.46
695.48
696.48
697.49
698.52
699.51
700.42
700.52
701.53
702.54
703.54
704.54
705.52
706.49
707.50
708.50
709.49
710.50
711.51
712.52
713.53
714.53
715.58
716.55
717.54
717.59
718.55
719.48
719.55
720.48
720.56
721.50
721.56
722.52
723.52
724.53
725.53
726.44
726.56
727.55
728.57
729.57
730.58
731.52
731.58
732.55
733.50
734.50
735.51
736.52
737.52
738.52
739.53
740.54
740.61
741.55
742.55
743.48
743.56
743.61
744.45
744.57
745.50
745.57
746.54
747.52
747.58
748.43
748.53
749.54
750.56
751.56
752.57
753.57
754.50
754.59
755.59
756.60
757.50
757.61
758.52
758.61
759.52
759.58
760.53
761.35
761.53
762.52
763.53
764.54
765.54
766.55
767.56
768.56
769.57
770.52
770.58
771.52
771.59
772.54
772.60
773.55
774.56
775.56
776.57
777.32
777.57
778.59
779.59
780.60
781.59
782.53
782.62
783.54
783.62
784.53
784.64
785.54
785.61
786.54
787.37
787.55
788.55
789.38
789.55
790.39
790.55
791.39
791.56
791.68
792.56
793.57
794.58
795.52
795.59
796.52
796.59
797.54
797.60
797.66
798.55
798.66
799.55
799.67
800.56
800.67
801.56
801.68
802.57
803.34
803.57
804.57
805.36
805.56
806.36
806.56
807.36
807.56
807.67
808.54
808.68
809.54
809.69
810.54
810.69
811.54
811.70
812.55
812.68
813.55
813.68
814.56
814.69
815.56
815.68
816.57
817.50
817.57
818.58
819.53
819.59
820.53
820.59
821.54
821.60
822.55
822.61
823.55
823.62
823.67
824.51
824.56
824.68
825.50
825.56
825.68
826.53
826.69
827.54
827.70
828.56
828.70
829.56
829.70
830.57
831.57
832.53
832.59
833.53
834.54
835.55
836.55
837.55
838.56
839.57
840.57
840.68
841.57
841.68
842.57
842.69
843.51
843.58
844.52
844.59
845.52
845.59
846.53
846.60
847.55
848.55
849.56
850.56
851.56
852.56
853.54
854.51
854.57
855.52
855.58
856.53
856.58
857.54
858.54
858.60
859.55
860.56
861.54
862.56
862.62
863.56
864.56
865.55
866.57
867.58
868.59
869.60
870.61
871.55
871.61
872.50
872.62
873.50
873.62
874.51
874.57
875.51
875.57
876.56
876.64
877.56
878.56
879.52
879.62
880.53
881.54
882.55
883.55
884.57
885.57
886.57
887.58
888.58
888.64
889.57
889.64
890.58
890.65
891.58
891.66
892.60
893.59
894.55
894.62
895.49
895.63
896.50
896.64
897.50
897.57
897.66
898.51
898.58
898.67
899.58
899.67
